..............compiling for serial..........................
Mat1 is :
0.700976 0.088795 0.348307 0.699805 0.587482 
0.990603 0.271337 0.949639 0.322710 0.842522 
0.596627 0.847908 0.397470 0.850481 0.102968 
0.644991 0.854577 0.925424 0.155749 0.269268 
0.268195 0.038949 0.329527 0.921707 0.976954 
Mat2 is :
0.809676 0.121479 0.421962 0.066384 0.642966 
0.295718 0.069656 0.382175 0.988366 0.275314 
0.556420 0.184624 0.889763 0.317730 0.044900 
0.803944 0.733787 0.202884 0.625229 0.743231 
0.259871 0.539532 0.988589 0.652237 0.764229 
Multiplication Mat is :
1.502902 0.986118 1.362389 1.065680 1.459878 
1.889094 1.005932 2.265029 1.386961 1.637995 
1.665474 0.884548 1.203799 1.602843 1.345693 
1.485061 0.568300 1.719962 1.454492 1.013076 
1.406909 1.299567 1.574060 1.374485 1.629618 
Triangularized result matrix:
1.502902 0.986118 1.362389 1.065680 1.459878 
0.000000 -0.233584 0.552556 0.047439 -0.197020 
0.000000 0.000000 -0.798569 0.379593 -0.096459 
0.000000 0.000000 0.000000 0.039988 -0.016033 
0.000000 0.000000 0.000000 0.000000 0.210245 

MPI Total runtime for N=5: 0:00:00:1.6639
MPI Total runtime for N=100: 0:00:00:6.8613
MPI Total runtime for N=100: 0:00:00:0.9714
MPI Total runtime for N=100: 0:00:00:0.9388
MPI Total runtime for N=100: 0:00:00:0.9344
MPI Total runtime for N=100: 0:00:00:0.9651
MPI Total runtime for N=200: 0:00:00:1.0604
MPI Total runtime for N=200: 0:00:00:1.0187
MPI Total runtime for N=200: 0:00:00:1.0117
MPI Total runtime for N=200: 0:00:00:1.0219
MPI Total runtime for N=200: 0:00:00:0.9841
MPI Total runtime for N=500: 0:00:00:1.6881
MPI Total runtime for N=500: 0:00:00:1.7183
MPI Total runtime for N=500: 0:00:00:1.6565
MPI Total runtime for N=500: 0:00:00:1.7342
MPI Total runtime for N=500: 0:00:00:1.7209
MPI Total runtime for N=1000: 0:00:00:7.0551
MPI Total runtime for N=1000: 0:00:00:6.8554
MPI Total runtime for N=1000: 0:00:00:6.8537
MPI Total runtime for N=2000: 0:00:00:47.8178
MPI Total runtime for N=2000: 0:00:00:47.5642
MPI Total runtime for N=5000: 0:00:12:8.8851

